1210220031111100201222201
2201212301000112212210120
2211022002100221301112102
2011102110222021110102230
1102112101000211202223120
1211010102132202021001212
0201021012202202111321201
1012011020212222101102032
1012020113221021101220201
2011212202123022111000120
1210122012212020101130021
1230012112110020120122012
0213220201101111002102122
0011102220021021132111022
2021212010111210221320100
2020020110222011113201212
2222110100021301101222102
1001120200121121232210022
3021121001201220220201112
2210210211011200212020321
3100102102120120112221210
1021022103202211111001202
0210121021003101221222101
1001012211120121203220210
2103210201002112121020221
0021321211200111122020220
1102021101212102212010302
1201120122011022300211210
1211222020002111010202213
1021102221010130202212210
1002210111230212121020012
0132101020212120222102011
1020101123102212022121020
1220120102121211012001203
2100110102122232122100110
2101101222113202200210210
2022103121201101022022101
0101010202121112120222032
1210101122220111022003220
2101001221123200101112022